71567452950884666185229022688836447889995130487598364204595955779464703911321
48635585692024498236899481596464729654108516393953568691249835812761046066674
96246957904676685144380108618323877850978044422792545171408079599212255143503
70719052075984437349562679631282138972341478442478493514768753546988774177437
99541945296143097101420667730654144475822597352192992161069118625663302820960
58762778052240062277122548830605382732600877253480388650658914373625739746271
79552644019179359806222122202604041299977778671867393746486897921718396882968
34703683620231731373386231465212410930349040455480600838485160013634146514404
69328056623154340540924381755761333760348988235122227200665357452709563958944
47315085555400006186956899475228237699428018490186678167924103758141071806738
100208861594723700301593304973839241992492381891807960456750908172610183659242
38433687676766594277352195957053522023688927068996494957776411836535280240835
80322757505112560987065317279189555640559121270486334328789157447954376062487
35520892096000009592024688191622895788300462822188362921636887217005381869351
48894625550696293876240162173352123548274909373379893413542717264115152117315
73304610431034972066888979885396009119905703084238504541801566054935376396818
39510703197785735507281111534266111282962171212322413689799724261123374432265
40028213656997075097663305442112977971932054067020699834767343975924852580703
71408983893807327096095304555882738425797973421442911375333501662106129163909
76774865538277026306527679153898985075839249039717277783910850541457802506977
2312825937603761789648271415509775227629320959492162255724794157606407926735
41372553401250994954787487994362291221225489980841536789894563704725308641877
22207853850871533164020764532518210572146495352090550004584598071424700233844
78134194926151319591561707613770079567758086136975561598755087897394665447567
4245185522247235922852229698072026202264511131060362734875570115211714290404
104337708879317107350357624291168836344100725450588940839409945749190922298719
72884326947193286784989553443767112538971837733098933703922178234970548814552
16600483011416669962786043292827354079801119157699158502698139988139791312469
74566768930823458382508455895252701953098417975671428630015852250922154401807
33028801447330007673766605318727799440799091667869074109809215817144135565307
57582904505861268560278582585311534643585852756473541191851312726180602817451
25113833291371501315836980533444425804228519684071884448267161804869216640816
15558494966340212207914317239544062545716111973265119654423051835230196306563
42668173090066482570964873906744630939584378663173728622228618931088736246209
86673879190500745601097070106353086956560345162229895909414581798027548779951
3703199523518578026029019329674344095935536314874478012074490659921444879796
70524134920201017953299767496197011177654153848877547411184185081592351058168
108511420712952983881024650499516148019178186595373186301590987442158842469945
112636960148964749390650281173842127360896661917145647885367196951581997230945
6001358785886267403432712606589884177136757871026442499813162803581186840826
105327451113564870392635851904555495138029871741669367861731275788932241721202
29670371358071905631628204965530404939418592802696414629919186480988646719054
16356802208347371840317300203860599651073783932808974912246783107334844045620
6250658162379283732139530507333406373161898614345810553420471827986945201056
21375659421861608974892786601230912296039796997481513747756138345812883545008
81152923243526213966881604538938981222745365650659275909356480686425587930808
5002697039353569208335614301688409835482270281900386383734947436290179329916
88811938290084124599487103021228524998202332210859265840833265146276859644987
101931533089704184373877399662682826637348522006905476477329236299983998823869
65527929829382627838507277435216275554088570115955975309055279617488091051293
3903444742703566233349631264003208273009239933727312719310023198643646858129
96985462449396213621163834177018984582966543963390137702109378418963586447414
57597248753955335014789329273048510426280862545206754418535908119779589768517
51281338356925150400665110277386134229574799120759988240522300121454345864818
98793643306311797521486028202764287920868660931161433585340265746352593558485
53198311486210937206751314135097470569523336044962180927767185770545640756123
59392992658364310169063056268128533216983214169132834978196348697375167115253
82014664975994480040915249134499495452020448158051400046463979541333102685853
89536266093584773024343816070448198876693211103912934607029744329824202489120
85999187397929399621419386043009843048109276926476295087910405322044503614485
41487206175270568516041982173324922871180797741677408533034558130032583284197
33779791744895244296564347175644129196059081784257375508232400404525118649973
35173779947038312975162213018535505929486776142777436588583541553207067770994
98247222390825845424791080624855322516953575002846517942554054292943920407119
12327577428497174410699474239303520067152194045635688094412530443468318305903
32781792824123599662663922252187785773243026087140964359683926150512675319405
35628836160026774714609895866342145148168713508346036409160547729447559278240
71697644691811215046133910617712533877147380543065547384642878327492105041104
57893739569897991297204260080783882770606800163317086560379098319477239774037
97587309240359199578065563740351753196316780313858779451915724590642982369784
93293118869306412794738039212610912389121620645916738383489350966786054675932
77417239523378266370684085922448490587045093934880966063715152215037123471014
2417880730937868791718226914500900110573572173171054506080896170542987101521
87624939069793866430823492903203894080923120277518505032755498261124343765311
92669994982013796483330444769311215622152240847840038389262412990452956546199
102464194239788180837280829567728235891913466396112878847342388217151177940165
52417983353756025855967708542812741009806326246879676174892567168321563244911
107853564888535469088159652192504046475818119204022911911893691875886695451654
101520165973328794484061546088757454070844163941889095874203306116315411928844
43280984953450124691248968800491767663867960983792460244738320400511712548826
3950925678524670783071173737090488204409343033779210132906360914921706132302
77278315550941287703273316150127567046377579703857212082478493400223791294776
27384664537100297361987342122322657814113618044830795233982896032205264767273
98196987314360903579980199626328844595860566663660628250668419523054615918079
93893103318307068994293859633293254892505214361366237372273725002922830605653
74722365054951975017263004268522185633903269678815102562871915443611370002749
90937293423926825094753021643156532503852480268946667254721199810055966740866
100021281176428647870009793365473260793164608750004020957082615350269291835964
95243280286947265387157538606884627361605225471489456102148931720756824309986
112602375025022285543161817283924318125809789936028836628606901417364313148221
84366807349886239842681412332330846734206533748512667476505942315973727137227
50027853563576110947676107491601916294125853312634718471064922806155819260318
15008786506220201007598652880683501708782152737659636604861551258292473764022
30612825710615710521517056715979934846906545871532331613049988471973890860462
81357944439955066206738133199471698884157277153078299083052123773348014975121
53167693590557361726784103912389115371332217738255776550171360624311902910121
21624576808465527521997471610424138113286306959904732581334057493605316185829
101765711669921167698077327193633124068114275644886238916676037052630156369091
50480760115540504298771552571790021566277783302432708287299878246991082101246
108681553146004008022462334476533590646080081340220949609618032132112452929548
