2654584366
1803994135
3569998082
2623115429
3692215957
2179632577
2950771564
1287231167
2571520540
1755014063
3716953257
1425584707
2979336661
1317543114
1813602458
2719019118
1465533433
1484728962
2648706422
2847738034
85787481
1534593295
823735080
2898158363
157462682
3870100715
2703429938
615746136
2765835179
1225106334
2135868635
931523849
577096652
1582650500
3214912857
137359304
2615885550
4024912291
4177937053
222602769
3906812295
1100535239
606707513
231849797
792867274
3010129220
185560346
3294217877
3780850694
2430566003
144786812
3597390738
2136400693
1902130556
3664459894
1973235041
2203008536
3042092997
3321084689
3189887148
1538846003
1252962113
1304668009
3644192015
457255260
1215944275
1321546982
2659413446
2147398148
3619714476
3460434103
2871565010
89684180
3250189629
3437321153
3800608194
1944291062
4000511062
3765592240
1605380955
146547978
2866412033
1015753661
3642328693
3482688763
2771606560
3373051680
3709995513
3532769610
4176654220
3129338807
1855636221
556706832
1135492814
3017733879
1972099360
802100133
3774700036
1872435459
4031222853
