3622675178
2668346922
1068183202
2602421118
512095748
1435574903
1857799811
2630932702
3999792342
4139445362
550763944
144240856
3493842155
960283106
1725942789
3178033989
3064313001
2307806729
1349243633
1611094067
3025991176
707315244
3419106157
1803513138
1107358186
2533388230
3366161915
1751766501
3292554477
1578811537
2294693638
2020959718
3389875040
647579220
2083062930
1104745131
1908335081
3764290022
3150502787
3580796745
2603685959
3536390178
3669245130
3466354059
1159721483
3810671499
2086734944
4194223061
2292670407
656944973
1547139312
1897159328
1706873814
2286425592
3806965486
3429379060
1570548706
1626915398
2495477414
4184145774
1633195841
3845268208
2856782315
2485854014
3824181205
3526925422
4004027441
972595199
1802691882
2181041444
2523848161
1088325966
3895088610
3465928239
2157141919
1644829454
2551752091
1603488316
769141787
761070087
2397054596
1527443284
1495024599
4032628587
1120258177
3443885936
78182809
1312286926
1517425839
2714691582
4051504023
2543361032
476992072
728488984
2075128018
3823998969
3575436073
2597169029
899157654
264007298
823486907
2392574549
597182235
703752785
3341322052
100310295
4115131769
1972809255
2212696300
1596570636
1076976421
1721873769
3107625877
2190846094
564604086
3241345141
3036889221
4117900119
3989974802
3630208466
1063367662
2591626173
826898521
2917427357
2319261457
587323344
1208015968
3609046561
3945165228
1546932179
3597837458
3734366008
1723267528
2955816707
636935090
2080588923
2705658112
3081002653
3016805252
2406889508
675015286
2515235197
61177565
1590866793
838298755
3490119437
1497360631
2694362727
3281893233
2884923025
3029476782
79536003
3038704141
267694600
1777486216
1154946755
3102576031
334957429
265940194
1546290017
1637182020
3824656095
1248875841
2706760751
2838486428
1214345452
3935821718
1636735176
2524858976
1694252276
2036758425
3168409379
1813551615
3784093938
3078205406
2997004059
3046719008
3937665601
3736276933
1378680410
3659430616
420233006
3234517500
2688400788
4235507189
3225338579
1339507424
412730964
3940693906
1478956939
2184269950
1725952076
4138463749
1439940132
432256158
2838244705
865721964
3431569757
1026646112
2163652463
3928347521
1061287340
25582698
3840847825
2787962210
3215706906
2694394365
3653749922
2915631404
3041820745
1127182684
2937315409
1895492059
2979406381
818913783
2045563442
2337900556
884714690
1629808452
3659798084
1816058371
4098188379
3444791840
3924958898
233253533
3167052150
324661983
3399990143
1732812099
3868114720
4056112182
4051441711
1516966435
43776257
43826977
3447033701
3098490785
4244077182
2800693459
3640487957
2516592486
1700596914
423420652
2596827927
2665375093
120126642
264089493
2593622066
309802113
4153595763
1397321156
391297560
1461259309
3073094452
1554258496
3863086033
3489283084
624956739
2904754699
2278072595
3925734237
1643479764
281663427
2693222222
2925979142
3113451187
796779017
1476913318
1304732847
2776089377
